TStamp Europe/Zagreb	X [µT]	Y [µT]	Z [µT]
1613949329426	-19.680000	-20.450001	-35.160000
1613949329446	-19.920000	-20.340000	-35.160000
1613949329466	-19.850000	-20.340000	-35.209999
1613949329486	-20.100000	-20.160000	-35.160000
1613949329505	-20.100000	-19.850000	-35.459999
1613949329525	-20.270000	-20.030001	-35.520000
1613949329545	-20.270000	-20.209999	-35.459999
1613949329565	-20.580000	-19.850000	-35.750000
1613949329585	-20.700001	-19.370001	-35.700001
1613949329606	-20.520000	-19.020000	-35.930000
1613949329626	-20.520000	-19.020000	-36.049999
1613949329646	-20.580000	-18.950001	-36.360001
1613949329666	-20.400000	-19.260000	-36.230000
1613949329685	-20.400000	-19.080000	-36.049999
1613949329705	-20.520000	-18.950001	-36.299999
1613949329725	-20.400000	-19.260000	-36.230000
1613949329745	-20.100000	-19.740000	-36.230000
1613949329766	-20.270000	-19.850000	-36.119999
1613949329786	-20.520000	-19.680000	-36.000000
1613949329806	-20.400000	-19.680000	-35.820000
1613949329826	-20.580000	-19.559999	-36.000000
1613949329846	-20.520000	-19.559999	-36.049999
1613949329865	-20.270000	-19.430000	-36.000000
1613949329886	-20.400000	-19.320000	-36.049999
1613949329905	-20.580000	-19.260000	-35.930000
1613949329926	-20.520000	-19.320000	-35.700001
1613949329946	-20.160000	-19.559999	-35.700001
1613949329966	-20.270000	-19.610001	-35.750000
1613949329986	-20.209999	-19.610001	-35.750000
1613949330006	-20.209999	-19.680000	-35.750000
1613949330026	-20.209999	-19.430000	-35.820000
1613949330045	-20.160000	-19.080000	-35.820000
1613949330065	-19.980000	-19.139999	-35.750000
1613949330086	-19.980000	-19.020000	-35.930000
1613949330105	-20.209999	-18.950001	-36.000000
1613949330126	-19.980000	-19.020000	-36.000000
1613949330145	-19.790001	-19.020000	-36.000000
1613949330165	-19.680000	-19.080000	-35.700001
1613949330185	-19.610001	-19.430000	-35.520000
1613949330205	-19.610001	-19.680000	-35.520000
1613949330225	-19.610001	-19.559999	-35.520000
1613949330246	-19.790001	-19.680000	-35.520000
1613949330266	-19.790001	-19.850000	-35.209999
1613949330286	-19.850000	-19.740000	-35.209999
1613949330305	-20.100000	-19.920000	-35.160000
1613949330325	-20.209999	-19.680000	-35.639999
1613949330345	-20.450001	-19.430000	-35.700001
1613949330365	-20.400000	-19.370001	-35.700001
1613949330385	-20.520000	-19.370001	-35.700001
1613949330406	-20.160000	-19.559999	-35.700001
1613949330426	-19.980000	-19.430000	-35.930000
1613949330446	-19.980000	-19.559999	-36.000000
1613949330466	-19.790001	-19.370001	-36.049999
1613949330485	-19.680000	-19.559999	-36.049999
1613949330505	-19.790001	-19.850000	-35.750000
1613949330525	-19.850000	-19.920000	-35.700001
1613949330546	-19.680000	-19.980000	-35.639999
1613949330566	-19.850000	-19.850000	-35.639999
1613949330586	-19.980000	-19.850000	-35.520000
1613949330606	-19.980000	-19.680000	-35.520000
1613949330626	-20.400000	-19.559999	-35.459999
1613949330646	-20.209999	-19.680000	-35.340000
1613949330665	-20.270000	-19.559999	-35.459999
1613949330685	-20.209999	-19.680000	-35.459999
1613949330705	-20.160000	-19.850000	-35.520000
1613949330725	-20.160000	-19.920000	-35.520000
1613949330745	-19.980000	-19.920000	-35.459999
1613949330766	-20.100000	-20.209999	-35.209999
1613949330785	-19.980000	-20.340000	-35.340000
1613949330805	-20.400000	-20.160000	-35.340000
1613949330826	-20.100000	-20.030001	-35.160000
1613949330846	-20.160000	-20.030001	-35.160000
1613949330866	-20.400000	-19.680000	-35.389999
1613949330886	-20.450001	-19.740000	-35.340000
1613949330906	-20.400000	-19.430000	-35.639999
1613949330926	-20.270000	-19.370001	-35.700001
1613949330945	-20.100000	-19.430000	-35.700001
1613949330965	-19.680000	-19.610001	-35.700001
1613949330985	-19.790001	-19.850000	-35.700001
1613949331005	-19.920000	-19.680000	-35.750000
1613949331026	-19.850000	-19.980000	-35.639999
1613949331046	-19.680000	-19.850000	-35.459999
1613949331066	-19.680000	-19.920000	-35.340000
1613949331086	-19.850000	-19.740000	-35.389999
1613949331105	-20.100000	-19.680000	-35.340000
1613949331125	-20.270000	-19.850000	-35.209999
1613949331145	-20.160000	-19.740000	-35.520000
1613949331165	-20.100000	-19.740000	-35.639999
1613949331185	-19.850000	-19.680000	-35.639999
1613949331205	-19.980000	-19.740000	-35.820000
1613949331226	-20.160000	-19.680000	-36.000000
1613949331246	-19.920000	-19.850000	-35.930000
1613949331266	-19.850000	-19.610001	-35.930000
1613949331286	-19.790001	-19.139999	-36.000000
1613949331306	-20.160000	-18.950001	-35.820000
1613949331326	-19.980000	-19.080000	-35.930000
1613949331346	-20.270000	-18.950001	-35.820000
1613949331366	-20.270000	-18.950001	-35.820000
1613949331386	-20.450001	-19.080000	-35.750000
1613949331406	-20.580000	-18.770000	-35.639999
1613949331425	-20.760000	-19.020000	-35.700001
1613949331446	-20.820000	-19.260000	-35.700001
1613949331466	-20.820000	-19.139999	-35.639999
1613949331486	-21.059999	-18.660000	-35.459999
1613949331506	-21.120001	-18.240000	-35.639999
1613949331526	-21.299999	-17.940001	-35.700001
1613949331545	-21.299999	-18.059999	-35.750000
1613949331566	-21.600000	-17.870001	-36.000000
1613949331585	-21.600000	-17.639999	-35.750000
1613949331605	-21.900000	-17.209999	-35.750000
1613949331625	-22.260000	-17.030001	-36.049999
1613949331645	-22.559999	-16.920000	-35.820000
1613949331666	-22.850000	-16.920000	-35.750000
1613949331686	-22.920000	-16.610001	-35.750000
1613949331706	-23.219999	-16.260000	-35.520000
1613949331726	-23.459999	-15.830000	-35.459999
1613949331746	-23.879999	-15.710000	-35.639999
1613949331765	-24.120001	-15.780000	-35.520000
1613949331785	-24.120001	-15.480000	-35.160000
1613949331805	-24.350000	-15.360000	-35.340000
1613949331825	-24.350000	-15.120000	-35.160000
1613949331846	-24.719999	-14.820000	-35.209999
1613949331866	-25.010000	-14.340000	-35.459999
1613949331886	-25.080000	-14.210000	-35.459999
1613949331905	-25.260000	-13.560000	-35.340000
1613949331925	-25.260000	-13.020000	-35.209999
1613949331945	-25.500000	-12.710000	-35.459999
1613949331965	-25.680000	-12.420000	-35.520000
1613949331986	-26.219999	-11.940000	-35.700001
1613949332006	-26.459999	-11.640000	-35.459999
1613949332026	-26.400000	-11.460000	-35.209999
1613949332045	-26.820000	-10.920000	-35.389999
1613949332065	-26.879999	-10.620000	-35.820000
1613949332085	-27.299999	-10.130000	-36.000000
1613949332105	-27.420000	-9.780000	-35.820000
1613949332126	-27.480000	-9.240000	-35.930000
1613949332146	-27.420000	-9.050000	-36.000000
1613949332166	-27.590000	-8.580000	-36.000000
1613949332186	-27.900000	-7.980000	-36.049999
1613949332206	-27.780001	-7.850000	-35.820000
1613949332225	-27.959999	-7.440000	-35.700001
1613949332245	-27.959999	-6.960000	-35.700001
1613949332265	-27.959999	-6.540000	-35.750000
1613949332285	-28.200001	-6.180000	-35.750000
1613949332306	-28.379999	-5.640000	-35.700001
1613949332325	-28.500000	-5.330000	-35.750000
1613949332345	-28.620001	-5.040000	-35.700001
1613949332365	-28.850000	-4.560000	-35.750000
1613949332385	-28.799999	-4.310000	-35.459999
1613949332405	-28.980000	-4.140000	-35.389999
1613949332425	-28.980000	-3.780000	-35.340000
1613949332445	-29.090000	-3.360000	-35.209999
1613949332465	-29.219999	-2.760000	-35.209999
1613949332486	-29.219999	-2.150000	-35.209999
1613949332506	-29.400000	-1.560000	-35.209999
1613949332526	-29.219999	-1.020000	-35.389999
1613949332546	-29.459999	-0.120000	-35.930000
1613949332566	-29.459999	0.720000	-36.049999
1613949332586	-29.580000	1.380000	-36.299999
1613949332606	-29.580000	1.860000	-36.230000
1613949332626	-29.160000	2.460000	-36.299999
1613949332646	-29.090000	2.930000	-36.299999
1613949332666	-28.680000	3.240000	-36.540001
1613949332686	-28.680000	3.720000	-36.410000
1613949332705	-28.799999	3.840000	-36.119999
1613949332725	-28.559999	4.020000	-36.049999
1613949332745	-28.559999	4.620000	-36.230000
1613949332765	-28.260000	4.920000	-36.410000
1613949332785	-28.379999	5.040000	-36.410000
1613949332806	-28.379999	5.520000	-36.540001
1613949332826	-28.559999	6.060000	-36.590000
1613949332846	-28.500000	6.540000	-36.709999
1613949332866	-28.500000	7.140000	-36.959999
1613949332886	-28.559999	7.740000	-36.889999
1613949332906	-28.559999	8.040000	-36.660000
1613949332926	-28.500000	8.820000	-36.660000
1613949332946	-28.500000	9.420000	-36.590000
1613949332966	-28.379999	9.840000	-36.540001
1613949332986	-28.320000	10.380000	-36.660000
1613949333005	-28.260000	10.670000	-36.660000
1613949333025	-27.660000	11.040000	-36.360001
1613949333045	-27.180000	11.340000	-36.660000
1613949333065	-26.879999	11.750000	-36.840000
1613949333086	-26.580000	12.060000	-36.660000
1613949333105	-26.219999	12.360000	-36.660000
1613949333125	-25.680000	12.540000	-36.709999
1613949333145	-25.379999	12.660000	-36.360001
1613949333165	-25.200001	13.020000	-36.230000
1613949333185	-25.080000	13.250000	-36.360001
1613949333205	-25.200001	13.670000	-36.299999
1613949333225	-24.719999	13.740000	-36.299999
1613949333246	-24.719999	13.740000	-36.410000
1613949333266	-24.719999	13.980000	-36.410000
1613949333286	-24.719999	14.040000	-36.230000
1613949333305	-24.350000	14.340000	-36.299999
1613949333325	-24.120001	14.940000	-36.590000
1613949333345	-24.059999	15.420000	-36.299999
1613949333365	-23.700001	15.660000	-36.230000
1613949333386	-23.580000	15.830000	-36.230000
1613949333406	-23.510000	16.320000	-36.119999
1613949333425	-23.219999	16.260000	-36.230000
1613949333445	-22.920000	16.740000	-36.540001
1613949333465	-22.850000	17.209999	-36.590000
1613949333485	-22.680000	17.209999	-36.299999
1613949333505	-22.320000	16.920000	-36.540001
1613949333525	-22.020000	16.980000	-36.590000
1613949333545	-22.080000	17.340000	-36.590000
1613949333565	-21.719999	17.520000	-36.660000
1613949333586	-21.420000	17.870001	-36.590000
1613949333606	-21.350000	17.820000	-36.410000
1613949333626	-21.350000	17.760000	-36.360001
1613949333646	-21.420000	17.760000	-36.360001
1613949333666	-21.420000	17.870001	-36.540001
1613949333686	-21.600000	18.110001	-36.540001
1613949333706	-21.299999	17.940001	-36.360001
1613949333726	-21.180000	17.870001	-36.410000
1613949333746	-21.350000	17.870001	-36.590000
1613949333766	-21.350000	17.760000	-36.709999
1613949333785	-21.120001	17.760000	-36.660000
1613949333805	-20.879999	17.870001	-36.709999
1613949333825	-20.820000	18.059999	-36.660000
1613949333845	-20.820000	17.870001	-36.590000
1613949333866	-20.879999	17.870001	-36.590000
1613949333886	-21.120001	17.820000	-36.360001
1613949333906	-21.120001	17.639999	-36.410000
1613949333926	-21.180000	18.059999	-36.590000
1613949333945	-21.299999	17.940001	-36.540001
1613949333966	-20.879999	17.520000	-36.299999
1613949333985	-20.879999	17.639999	-36.119999
1613949334005	-20.760000	17.639999	-36.230000
1613949334025	-21.000000	17.760000	-36.230000
1613949334045	-20.700001	17.820000	-36.360001
1613949334066	-20.700001	18.110001	-36.299999
1613949334086	-20.820000	17.870001	-36.119999
1613949334105	-20.700001	17.870001	-36.410000
1613949334125	-21.000000	18.110001	-36.590000
1613949334146	-21.059999	17.940001	-36.840000
1613949334166	-21.180000	18.059999	-36.590000
1613949334186	-20.879999	17.870001	-36.590000
1613949334206	-20.879999	17.760000	-36.540001
1613949334226	-20.760000	17.639999	-36.410000
1613949334246	-20.700001	17.639999	-36.299999
1613949334266	-21.000000	17.820000	-36.119999
1613949334286	-20.879999	17.870001	-36.230000
1613949334305	-20.879999	17.870001	-36.000000
1613949334325	-20.879999	17.820000	-36.299999
1613949334346	-21.120001	17.870001	-36.360001
1613949334365	-21.120001	18.350000	-36.410000
1613949334386	-21.059999	18.350000	-36.360001
1613949334406	-21.000000	18.420000	-36.540001
1613949334425	-20.760000	18.530001	-36.540001
1613949334445	-20.700001	18.350000	-36.299999
1613949334465	-20.760000	18.530001	-36.540001
1613949334485	-20.760000	18.530001	-36.299999
1613949334506	-20.700001	18.660000	-36.360001
1613949334526	-20.580000	18.240000	-36.299999
1613949334546	-20.820000	18.240000	-36.540001
1613949334565	-20.820000	18.059999	-36.540001
1613949334585	-21.000000	18.059999	-36.709999
1613949334605	-21.180000	18.110001	-37.139999
1613949334625	-21.120001	17.820000	-36.840000
1613949334646	-21.000000	17.820000	-37.020000
1613949334666	-20.760000	17.820000	-36.959999
1613949334686	-21.059999	18.059999	-37.250000
1613949334706	-20.879999	18.059999	-37.250000
1613949334726	-20.760000	18.350000	-37.250000
1613949334745	-20.580000	18.180000	-37.139999
1613949334765	-20.450001	18.110001	-37.020000
1613949334785	-20.520000	18.110001	-37.139999
1613949334805	-20.400000	18.350000	-36.889999
1613949334826	-20.580000	18.480000	-36.889999
1613949334845	-20.520000	18.240000	-36.590000
1613949334865	-20.580000	18.180000	-36.360001
1613949334885	-20.580000	17.940001	-36.299999
1613949334905	-20.760000	18.059999	-36.230000
1613949334925	-20.760000	18.180000	-36.049999
1613949334945	-20.520000	18.350000	-36.230000
1613949334966	-20.820000	18.059999	-36.299999
1613949334986	-20.760000	17.760000	-36.230000
1613949335006	-20.879999	17.870001	-36.230000
1613949335026	-21.000000	17.760000	-36.000000
1613949335046	-21.059999	17.870001	-36.049999
1613949335066	-21.059999	17.940001	-36.049999
1613949335086	-21.299999	18.059999	-36.230000
1613949335106	-21.480000	18.059999	-36.119999
1613949335126	-21.299999	17.940001	-36.049999
1613949335146	-21.299999	18.240000	-36.049999
1613949335166	-21.180000	18.240000	-36.119999
1613949335186	-21.059999	18.530001	-36.540001
1613949335205	-21.000000	18.480000	-36.360001
1613949335225	-21.000000	18.240000	-36.360001
1613949335245	-21.000000	18.110001	-36.299999
1613949335265	-21.000000	17.940001	-36.360001
1613949335285	-21.299999	17.940001	-36.590000
1613949335305	-21.480000	17.870001	-36.660000
1613949335325	-21.480000	17.940001	-36.590000
1613949335345	-21.480000	17.820000	-36.540001
1613949335365	-21.600000	17.820000	-36.590000
1613949335385	-21.600000	17.820000	-36.540001
1613949335405	-21.480000	17.870001	-36.660000
1613949335425	-21.420000	17.940001	-36.660000
1613949335445	-20.879999	18.110001	-36.840000
1613949335465	-20.760000	18.110001	-36.889999
1613949335486	-20.700001	17.870001	-36.709999
1613949335506	-20.760000	17.940001	-36.840000
1613949335525	-20.760000	18.110001	-36.889999
1613949335545	-20.700001	18.110001	-37.020000
1613949335565	-20.450001	17.940001	-36.840000
1613949335585	-20.400000	17.820000	-36.889999
1613949335605	-20.820000	17.580000	-36.540001
1613949335625	-20.760000	17.580000	-36.540001
1613949335646	-20.700001	17.450001	-36.590000
1613949335666	-20.580000	17.520000	-36.360001
1613949335686	-20.580000	17.639999	-36.540001
1613949335706	-20.700001	17.760000	-36.410000
1613949335725	-20.700001	17.870001	-36.540001
1613949335746	-20.879999	18.420000	-36.840000
1613949335766	-20.820000	18.770000	-36.959999
1613949335786	-20.700001	18.770000	-36.959999
1613949335806	-20.700001	18.950001	-36.840000
1613949335826	-20.580000	18.840000	-36.959999
1613949335845	-20.450001	18.660000	-36.840000
1613949335865	-20.450001	18.530001	-36.709999
1613949335885	-20.520000	18.420000	-36.660000
1613949335905	-20.450001	18.180000	-36.360001
1613949335926	-20.520000	17.940001	-36.230000
1613949335946	-20.700001	18.059999	-36.119999
1613949335966	-20.879999	18.240000	-36.410000
1613949335985	-21.059999	18.240000	-36.410000
1613949336005	-21.180000	18.420000	-36.360001
1613949336025	-21.120001	18.420000	-36.360001
1613949336045	-21.120001	18.530001	-36.299999
1613949336066	-21.120001	18.240000	-36.049999
1613949336086	-21.059999	18.420000	-36.049999
1613949336106	-21.059999	18.420000	-36.230000
1613949336125	-20.879999	18.420000	-36.299999
1613949336145	-21.000000	18.180000	-36.360001
1613949336165	-21.000000	18.110001	-36.360001
1613949336185	-21.059999	18.059999	-36.360001
1613949336205	-21.120001	17.870001	-36.410000
1613949336225	-20.879999	18.110001	-36.660000
1613949336245	-20.760000	17.870001	-36.840000
1613949336266	-20.879999	17.940001	-36.540001
1613949336286	-21.000000	17.940001	-36.299999
1613949336306	-20.820000	18.110001	-36.299999
1613949336326	-20.820000	18.110001	-36.119999
1613949336345	-20.879999	18.180000	-36.049999
1613949336365	-21.059999	18.420000	-36.230000
1613949336386	-21.180000	18.110001	-36.000000
1613949336406	-21.600000	18.110001	-36.049999
1613949336426	-21.719999	17.820000	-36.299999
1613949336446	-21.719999	17.580000	-36.360001
1613949336466	-21.780001	17.340000	-36.299999
1613949336486	-22.020000	17.030001	-36.360001
1613949336506	-22.020000	16.740000	-36.299999
1613949336526	-22.260000	16.370001	-36.230000
1613949336546	-22.379999	16.680000	-36.299999
1613949336566	-22.559999	16.920000	-36.230000
1613949336586	-22.559999	16.850000	-36.230000
1613949336606	-22.799999	16.680000	-35.930000
1613949336625	-23.219999	16.559999	-36.049999
1613949336645	-23.510000	16.559999	-36.049999
1613949336666	-23.820000	16.610001	-36.360001
1613949336686	-24.000000	16.680000	-36.360001
1613949336706	-24.180000	16.080000	-36.230000
1613949336726	-24.420000	15.660000	-36.049999
1613949336746	-24.480000	15.170000	-35.930000
1613949336766	-24.900000	15.060000	-36.119999
1613949336785	-24.959999	14.880000	-36.049999
1613949336806	-24.780001	14.210000	-36.119999
1613949336825	-21.240000	18.059999	-33.889999
1613949336845	-21.180000	17.690001	-33.889999
1613949336866	-21.660000	17.340000	-34.020000
1613949336886	-21.780001	16.980000	-34.070000
1613949336906	-21.959999	16.790001	-34.250000
1613949336926	-22.200001	16.559999	-34.380001
1613949336946	-22.379999	16.370001	-34.619999
1613949336966	-22.850000	16.370001	-34.500000
1613949336986	-23.160000	15.780000	-34.250000
1613949337006	-23.639999	15.290000	-34.380001
1613949337025	-23.459999	15.000000	-34.380001
1613949337045	-23.459999	14.580000	-34.380001
1613949337065	-23.760000	14.340000	-34.380001
1613949337085	-23.700001	13.860000	-34.380001
1613949337105	-24.180000	13.500000	-34.020000
1613949337125	-24.059999	12.840000	-34.200001
1613949337145	-24.480000	11.580000	-34.320000
1613949337165	-24.600000	11.210000	-34.070000
1613949337186	-24.780001	11.210000	-34.139999
1613949337206	-25.260000	10.670000	-34.139999
1613949337226	-25.379999	9.840000	-34.020000
1613949337246	-25.680000	9.420000	-34.020000
1613949337266	-25.620001	8.880000	-33.959999
1613949337285	-25.920000	8.820000	-33.959999
1613949337305	-26.090000	8.340000	-33.959999
1613949337325	-26.219999	7.910000	-33.959999
1613949337346	-26.510000	7.500000	-33.959999
1613949337366	-26.459999	7.320000	-33.709999
1613949337386	-26.700001	7.140000	-33.660000
1613949337405	-26.459999	6.540000	-33.480000
1613949337425	-26.400000	6.180000	-33.480000
1613949337445	-26.459999	5.580000	-33.230000
1613949337465	-26.700001	5.040000	-33.180000
1613949337485	-26.580000	4.500000	-33.119999
1613949337506	-26.160000	3.780000	-33.119999
1613949337525	-26.280001	3.240000	-33.180000
1613949337545	-26.040001	2.880000	-33.119999
1613949337565	-26.340000	2.640000	-33.049999
1613949337585	-26.160000	2.220000	-33.119999
1613949337605	-26.090000	1.620000	-33.230000
1613949337625	-26.090000	0.900000	-33.360001
1613949337646	-26.160000	0.480000	-33.480000
1613949337666	-26.160000	0.000000	-33.410000
1613949337686	-26.160000	-0.290000	-33.410000
1613949337706	-26.090000	-0.720000	-33.779999
1613949337726	-25.850000	-1.320000	-33.840000
1613949337746	-25.850000	-1.860000	-33.959999
1613949337766	-25.680000	-2.150000	-34.020000
1613949337786	-25.680000	-3.360000	-33.889999
1613949337806	-25.559999	-3.660000	-33.840000
1613949337826	-25.620001	-3.950000	-34.070000
1613949337845	-25.260000	-4.850000	-34.070000
1613949337865	-25.139999	-5.580000	-33.889999
1613949337885	-25.010000	-5.940000	-34.070000
1613949337905	-24.959999	-6.660000	-34.070000
1613949337926	-24.840000	-7.140000	-34.320000
1613949337946	-24.540001	-7.740000	-34.500000
1613949337966	-24.180000	-8.460000	-34.500000
1613949337986	-23.580000	-9.240000	-34.320000
1613949338006	-23.340000	-9.840000	-34.139999
1613949338026	-22.920000	-10.440000	-34.070000
1613949338045	-22.379999	-12.060000	-33.959999
1613949338065	-21.959999	-12.780000	-33.660000
1613949338085	-21.350000	-13.500000	-33.360001
1613949338105	-21.059999	-14.100000	-33.049999
1613949338125	-20.639999	-14.750000	-32.820000
1613949338145	-20.520000	-15.170000	-32.930000
1613949338166	-20.160000	-15.360000	-33.119999
1613949338186	-19.680000	-15.660000	-33.049999
1613949338205	-19.370001	-16.440001	-33.049999
1613949338225	-19.020000	-16.790001	-33.299999
1613949338245	-18.530001	-17.030001	-33.049999
1613949338265	-18.240000	-17.340000	-33.299999
1613949338286	-18.240000	-17.760000	-33.299999
1613949338306	-18.059999	-17.940001	-33.230000
1613949338326	-17.820000	-18.240000	-33.049999
1613949338346	-17.639999	-18.660000	-33.049999
1613949338366	-17.340000	-18.950001	-33.119999
1613949338386	-17.209999	-19.080000	-33.230000
1613949338405	-16.980000	-19.500000	-33.360001
1613949338425	-16.680000	-19.680000	-33.360001
1613949338446	-16.260000	-19.500000	-33.540001
1613949338466	-15.780000	-19.740000	-33.540001
1613949338486	-15.780000	-19.680000	-33.709999
1613949338506	-15.660000	-19.559999	-33.660000
1613949338525	-15.540000	-19.680000	-33.709999
1613949338545	-15.660000	-19.680000	-33.709999
1613949338565	-15.780000	-19.430000	-33.840000
1613949338585	-15.660000	-19.430000	-33.709999
1613949338606	-15.710000	-19.500000	-33.590000
1613949338626	-15.960000	-19.680000	-33.299999
1613949338646	-15.780000	-19.740000	-33.360001
1613949338666	-15.780000	-19.790001	-33.540001
1613949338686	-15.780000	-19.559999	-33.410000
1613949338705	-15.540000	-19.740000	-33.299999
1613949338725	-15.360000	-19.680000	-33.360001
1613949338745	-15.420000	-19.680000	-33.230000
1613949338765	-15.240000	-19.740000	-33.360001
1613949338786	-15.240000	-19.790001	-33.590000
1613949338806	-15.170000	-20.030001	-33.410000
1613949338825	-15.060000	-20.100000	-33.540001
1613949338845	-15.240000	-20.030001	-33.660000
1613949338865	-15.420000	-20.100000	-33.410000
1613949338885	-15.660000	-20.100000	-33.410000
1613949338906	-15.660000	-20.400000	-33.410000
1613949338926	-15.660000	-20.340000	-33.410000
1613949338945	-15.540000	-19.980000	-33.840000
1613949338965	-15.660000	-19.680000	-33.959999
1613949338985	-15.960000	-19.430000	-33.889999
1613949339005	-15.710000	-19.139999	-33.959999
1613949339025	-15.540000	-18.950001	-34.139999
1613949339045	-15.660000	-19.190001	-33.889999
1613949339066	-15.540000	-18.900000	-34.200001
1613949339086	-15.480000	-19.080000	-34.250000
1613949339106	-15.480000	-19.430000	-33.889999
1613949339126	-15.170000	-19.500000	-33.840000
1613949339146	-14.940000	-19.790001	-33.660000
1613949339166	-14.820000	-20.400000	-33.410000
1613949339186	-14.940000	-20.580000	-33.410000
1613949339206	-14.640000	-20.450001	-33.590000
1613949339226	-14.460000	-20.400000	-33.410000
1613949339246	-14.640000	-20.160000	-33.410000
1613949339265	-14.750000	-20.270000	-33.299999
1613949339286	-14.940000	-20.400000	-33.360001
1613949339305	-15.170000	-20.270000	-33.590000
1613949339326	-15.420000	-19.850000	-33.540001
1613949339346	-15.170000	-19.790001	-33.590000
1613949339366	-15.170000	-19.790001	-33.590000
1613949339386	-15.480000	-19.980000	-33.410000
1613949339406	-15.420000	-19.850000	-33.299999
1613949339426	-15.360000	-19.850000	-33.540001
1613949339446	-15.240000	-19.850000	-33.299999
1613949339465	-15.120000	-19.850000	-33.360001
1613949339485	-15.240000	-19.850000	-33.410000
1613949339505	-15.420000	-19.850000	-33.590000
1613949339525	-15.420000	-19.740000	-33.590000
1613949339545	-15.420000	-19.740000	-33.540001
1613949339565	-15.420000	-19.980000	-33.360001
1613949339586	-15.360000	-19.559999	-33.230000
1613949339606	-15.480000	-19.500000	-33.000000
1613949339625	-15.660000	-19.500000	-32.750000
1613949339645	-15.540000	-19.790001	-32.639999
1613949339665	-15.540000	-19.740000	-32.340000
1613949339686	-15.830000	-19.850000	-32.209999
1613949339706	-15.960000	-20.030001	-32.459999
1613949339726	-16.020000	-20.030001	-32.459999
1613949339746	-16.080000	-20.450001	-32.639999
1613949339766	-16.080000	-20.400000	-32.750000
1613949339786	-16.080000	-20.270000	-32.700001
1613949339806	-15.830000	-20.100000	-32.750000
1613949339826	-15.780000	-19.850000	-33.119999
1613949339846	-15.710000	-19.850000	-33.230000
1613949339866	-15.660000	-19.740000	-33.360001
1613949339886	-15.660000	-19.740000	-33.660000
1613949339906	-15.660000	-19.500000	-33.540001
1613949339926	-15.710000	-19.680000	-33.590000
1613949339945	-15.660000	-19.790001	-33.660000
1613949339965	-15.830000	-19.680000	-33.709999
1613949339985	-16.020000	-19.790001	-33.410000
1613949340005	-16.020000	-19.559999	-33.299999
1613949340026	-15.830000	-19.370001	-33.000000
1613949340046	-15.780000	-19.260000	-33.119999
1613949340066	-15.830000	-19.260000	-33.410000
1613949340086	-16.020000	-19.190001	-33.540001
1613949340105	-16.020000	-19.080000	-33.709999
1613949340125	-16.020000	-19.430000	-33.590000
1613949340145	-16.080000	-19.370001	-33.709999
1613949340165	-16.139999	-19.500000	-33.660000
1613949340186	-16.370001	-19.740000	-33.660000
1613949340206	-16.610001	-19.559999	-33.410000
1613949340226	-16.740000	-19.370001	-33.410000
1613949340245	-16.440001	-19.080000	-33.540001
1613949340265	-16.610001	-19.080000	-33.299999
1613949340285	-16.610001	-18.840000	-33.410000
1613949340305	-16.559999	-18.770000	-33.230000
1613949340325	-16.680000	-18.530001	-33.410000
1613949340346	-16.740000	-18.290001	-33.660000
1613949340365	-16.610001	-18.660000	-33.590000
1613949340385	-16.320000	-18.840000	-33.410000
1613949340405	-16.320000	-19.080000	-33.230000
1613949340425	-16.370001	-18.900000	-33.299999
1613949340445	-16.370001	-18.770000	-33.540001
1613949340465	-16.370001	-18.840000	-33.590000
1613949340486	-16.260000	-18.900000	-33.540001
1613949340506	-16.320000	-18.950001	-33.299999
1613949340525	-16.320000	-18.770000	-33.410000
1613949340545	-16.370001	-18.600000	-33.410000
1613949340565	-16.559999	-18.600000	-33.590000
1613949340585	-16.610001	-18.600000	-33.660000
1613949340605	-16.740000	-18.840000	-33.360001
1613949340625	-16.920000	-18.840000	-33.360001
1613949340646	-16.980000	-18.840000	-33.540001
1613949340666	-16.980000	-19.080000	-33.660000
1613949340686	-16.920000	-19.190001	-33.660000
1613949340705	-17.160000	-19.370001	-33.709999
1613949340725	-17.209999	-19.190001	-33.840000
1613949340745	-16.980000	-19.430000	-33.410000
1613949340765	-16.920000	-19.370001	-33.590000
1613949340786	-16.740000	-19.430000	-33.709999
1613949340806	-16.920000	-19.430000	-33.660000
1613949340826	-16.740000	-19.139999	-33.709999
1613949340846	-16.920000	-18.770000	-33.840000
1613949340866	-16.680000	-18.660000	-33.840000
1613949340885	-16.440001	-18.840000	-33.660000
1613949340905	-16.610001	-18.600000	-33.959999
1613949340925	-16.680000	-18.350000	-33.889999
1613949340945	-16.680000	-18.530001	-33.889999
1613949340966	-16.610001	-18.600000	-33.889999
1613949340986	-16.610001	-18.530001	-33.840000
1613949341006	-16.680000	-18.840000	-33.590000
1613949341026	-16.920000	-18.600000	-33.709999
1613949341046	-16.980000	-18.840000	-33.709999
1613949341066	-16.920000	-18.950001	-33.590000
1613949341085	-16.920000	-19.080000	-33.660000
1613949341105	-16.740000	-18.660000	-33.709999
1613949341125	-16.850000	-18.600000	-33.709999
1613949341145	-16.920000	-18.840000	-33.660000
1613949341165	-16.850000	-18.840000	-33.840000
1613949341186	-16.740000	-19.190001	-33.590000
1613949341206	-16.850000	-19.139999	-33.590000
1613949341226	-16.559999	-19.080000	-33.840000
1613949341246	-16.260000	-19.139999	-33.709999
1613949341265	-16.370001	-19.260000	-33.410000
1613949341286	-16.080000	-19.430000	-33.540001
1613949341305	-16.080000	-19.430000	-33.360001
1613949341326	-15.960000	-19.430000	-33.230000
1613949341346	-15.830000	-19.370001	-33.360001
1613949341365	-15.960000	-19.139999	-33.410000
1613949341385	-16.020000	-19.080000	-33.230000
1613949341405	-16.370001	-19.190001	-33.119999
1613949341425	-16.370001	-19.190001	-33.410000
1613949341446	-16.440001	-19.080000	-33.299999
1613949341466	-16.440001	-18.900000	-33.410000
1613949341486	-16.680000	-18.660000	-33.660000
1613949341505	-16.610001	-18.770000	-33.590000
1613949341525	-16.610001	-18.600000	-33.540001
1613949341545	-16.920000	-18.840000	-33.709999
1613949341565	-16.440001	-18.660000	-33.840000
1613949341585	-16.440001	-18.840000	-33.590000
1613949341606	-16.680000	-19.080000	-33.840000
1613949341626	-16.559999	-19.080000	-33.889999
1613949341646	-16.370001	-19.190001	-33.959999
1613949341665	-16.559999	-19.080000	-33.889999
1613949341685	-16.440001	-19.190001	-33.889999
1613949341705	-16.440001	-19.080000	-33.840000
1613949341725	-16.850000	-19.080000	-33.959999
1613949341745	-16.740000	-19.080000	-34.139999
1613949341766	-16.680000	-18.840000	-33.840000
1613949341786	-16.680000	-18.950001	-33.660000
1613949341806	-16.850000	-18.900000	-33.540001
1613949341825	-16.850000	-19.139999	-33.590000
1613949341845	-16.740000	-19.080000	-33.709999
1613949341865	-16.680000	-19.080000	-33.709999
1613949341885	-16.440001	-19.190001	-33.360001
1613949341906	-16.559999	-19.080000	-33.299999
1613949341926	-16.559999	-19.190001	-33.540001
1613949341946	-16.680000	-19.190001	-33.540001
1613949341966	-16.610001	-19.080000	-33.540001
1613949341986	-16.740000	-18.950001	-33.360001
1613949342006	-16.740000	-19.190001	-33.230000
1613949342026	-16.680000	-19.370001	-33.000000
1613949342046	-16.920000	-19.080000	-33.230000
1613949342066	-16.920000	-19.190001	-33.230000
1613949342086	-16.920000	-19.139999	-33.299999
1613949342106	-16.850000	-19.190001	-33.540001
